1234
5678
9123
1234
5678
9123
1234
5678
9123
1234
5678
9123
1234
5678
9123
1234
5678
9123
1234
5678
9123
1234
5678
9123
1234
5678
9123
1234
5678
9123
1234
5678
9123
1234
5678
9123
1234
5678
9123
1234
5678
9123
1234
5678
9123
1234
5678
9123
1234
5678
9123
1234
5678
9123
1234
5678
9123
1234
5678
9123
1234
5678
9123
1234
5678
9123
1234
5678
9123
1234
5678
9123
1234
5678
9123
1234
5678
9123
1234
5678
9123
1234
5678
9123
1234
5678
9123
1234
5678
9123
1234
5678
9123
1234
5678
9123
1234
5678
9123
1234
5678
9123
1234
5678
9123
1234
5678
9123
1234
5678
9123
1234
5678
9123
1234
5678
9123
1234
5678
9123
1234
5678
9123
1234
5678
9123
1234
5678
9123
1234
5678
9123
1234
5678
9123
1234
5678
9123
1234
5678
9123
1234
5678
9123
